# Created by Octave 8.4.0, Fri Aug 30 17:26:22 2024 GMT <unknown@PeterLaptop>
# name: fs
# type: scalar
48000


# name: optFilts_o1
# type: matrix
# rows: 512
# columns: 2
 1.2515499999999999 0.71892999999999996
 -0.31178699999999998 -0.179089
 -0.27176400000000001 -0.15606700000000001
 -0.234484 -0.13458300000000001
 -0.19991900000000001 -0.11461
 -0.168016 -0.0961066
 -0.138708 -0.079032199999999997
 -0.11192000000000001 -0.063340900000000006
 -0.087555800000000003 -0.048978800000000003
 -0.065518000000000007 -0.035893599999999998
 -0.045698200000000001 -0.024027799999999998
 -0.027990000000000001 -0.0133265
 -0.0122728 -0.0037275199999999998
 0.0015685600000000001 0.0048273700000000001
 0.0136522 0.0123979
 0.024097899999999998 0.019044499999999999
 0.033021399999999999 0.024825400000000001
 0.040541000000000001 0.029800299999999998
 0.046766000000000002 0.034024400000000003
 0.051805900000000002 0.037553200000000002
 0.055770500000000001 0.040442899999999997
 0.0587552 0.042742200000000001
 0.060863100000000003 0.044504799999999997
 0.062182099999999997 0.045776299999999999
 0.062802999999999998 0.046604600000000003
 0.062805299999999994 0.047031999999999997
 0.062267900000000001 0.047100999999999997
 0.061262999999999998 0.046850999999999997
 0.059856699999999999 0.046318400000000003
 0.058111500000000003 0.0455384
 0.056086400000000002 0.044544399999999998
 0.053830700000000002 0.043365099999999997
 0.051394700000000001 0.042030199999999997
 0.0488209 0.040565200000000003
 0.046148799999999997 0.038994399999999999
 0.043412699999999999 0.037339600000000001
 0.040645100000000003 0.0356215
 0.037873400000000002 0.033858600000000003
 0.035120600000000002 0.032066600000000001
 0.032408699999999999 0.030261199999999999
 0.029756700000000001 0.0284563
 0.027177900000000001 0.026662600000000002
 0.024687000000000001 0.024891900000000002
 0.022293400000000001 0.023152699999999998
 0.0200059 0.021453300000000002
 0.017830499999999999 0.0198003
 0.0157723 0.018199699999999999
 0.0138341 0.0166561
 0.0120178 0.015173600000000001
 0.0103236 0.0137552
 0.00875101 0.0124031
 0.0072983900000000001 0.011119
 0.00596337 0.0099038700000000004
 0.0047426400000000002 0.0087580000000000002
 0.0036327600000000001 0.0076814800000000001
 0.0026292500000000001 0.0066736
 0.00172781 0.0057335600000000004
 0.00092328799999999997 0.00485996
 0.00021075600000000001 0.0040512999999999999
 -0.00041507399999999998 0.0033057300000000002
 -0.00095915799999999999 0.0026214200000000002
 -0.00142796 0.0019955200000000002
 -0.0018255700000000001 0.0014264099999999999
 -0.00215826 0.00091102299999999995
 -0.0024306100000000001 0.000447164
 -0.00264811 3.19758e-05
 -0.0028154199999999999 -0.000337055
 -0.0029374000000000002 -0.00066266100000000004
 -0.0030183100000000002 -0.00094733899999999995
 -0.0030629699999999999 -0.0011940099999999999
 -0.00307515 -0.00140507
 -0.0030589800000000002 -0.00158321
 -0.0030177200000000002 -0.00173069
 -0.0029554099999999999 -0.0018502799999999999
 -0.0028745799999999998 -0.0019439399999999999
 -0.0027783 -0.0020140000000000002
 -0.0026698300000000002 -0.0020629099999999998
 -0.0025506399999999999 -0.0020921400000000001
 -0.0024241699999999998 -0.0021043300000000002
 -0.0022915800000000001 -0.0021008099999999998
 -0.0021552300000000002 -0.00208362
 -0.0020165500000000002 -0.0020542899999999998
 -0.0018770900000000001 -0.0020144
 -0.0017380399999999999 -0.0019653299999999999
 -0.0016006600000000001 -0.0019084900000000001
 -0.0014660599999999999 -0.0018452099999999999
 -0.00133483 -0.0017764899999999999
 -0.0012078799999999999 -0.0017034999999999999
 -0.00108566 -0.00162714
 -0.00096867600000000002 -0.00154831
 -0.00085736500000000002 -0.0014678600000000001
 -0.00075197600000000001 -0.00138648
 -0.00065267899999999998 -0.0013048300000000001
 -0.00055962000000000004 -0.0012234800000000001
 -0.00047286000000000002 -0.0011429700000000001
 -0.00039236099999999998 -0.0010637299999999999
 -0.00031806 -0.00098613900000000003
 -0.00024989700000000001 -0.00091057400000000004
 -0.00018767600000000001 -0.00083728899999999996
 -0.000131235 -0.00076653400000000003
 -8.0373399999999999e-05 -0.000698506
 -3.4854500000000003e-05 -0.00063335900000000001
 5.5709399999999997e-06 -0.00057120800000000002
 4.1152600000000003e-05 -0.00051214700000000001
 7.2185000000000001e-05 -0.00045621799999999999
 9.8926900000000003e-05 -0.00040345700000000002
 0.000121661 -0.00035386800000000002
 0.000140662 -0.00030743600000000002
 0.00015624399999999999 -0.00026410300000000002
 0.00016864199999999999 -0.00022383799999999999
 0.00017814299999999999 -0.00018656200000000001
 0.00018500999999999999 -0.00015219100000000001
 0.00018948200000000001 -0.00012064400000000001
 0.00019183700000000001 -9.1797400000000003e-05
 0.00019225199999999999 -6.5575500000000003e-05
 0.00019099300000000001 -4.1839699999999999e-05
 0.000188266 -2.0474100000000001e-05
 0.00018424000000000001 -1.3725899999999999e-06
 0.00017913099999999999 1.5603900000000001e-05
 0.00017309000000000001 3.0567900000000003e-05
 0.00016629200000000001 4.36511e-05
 0.00015886200000000001 5.4963500000000003e-05
 0.00015094500000000001 6.4630300000000004e-05
 0.00014268899999999999 7.2784400000000001e-05
 0.00013416 7.9515499999999994e-05
 0.00012550199999999999 8.49602e-05
 0.000116759 8.9199700000000006e-05
 0.000108062 9.2368100000000001e-05
 9.9455099999999996e-05 9.4550500000000002e-05
 9.0990799999999996e-05 9.5836900000000004e-05
 8.2726399999999995e-05 9.6320600000000001e-05
 7.4724199999999999e-05 9.6097899999999993e-05
 6.7010999999999999e-05 9.5243599999999997e-05
 5.9616600000000001e-05 9.3833700000000003e-05
 5.25734e-05 9.1944600000000001e-05
 4.5884000000000003e-05 8.9633699999999995e-05
 3.9576000000000002e-05 8.6971600000000006e-05
 3.3651700000000002e-05 8.4011999999999995e-05
 2.8127e-05 8.0814899999999998e-05
 2.29891e-05 7.7421200000000003e-05
 1.8236999999999998e-05 7.3876700000000004e-05
 1.38724e-05 7.0226299999999995e-05
 9.8805800000000002e-06 6.6503100000000004e-05
 6.2624700000000002e-06 6.2746699999999993e-05
 2.99346e-06 5.8979900000000001e-05
 6.7768300000000005e-08 5.5233499999999999e-05
 -2.5326000000000001e-06 5.1529200000000001e-05
 -4.8239800000000002e-06 4.7887199999999998e-05
 -6.8194899999999998e-06 4.4327299999999998e-05
 -8.5385199999999994e-06 4.0863299999999999e-05
 -9.9981800000000006e-06 3.7508300000000001e-05
 -1.1215299999999999e-05 3.4273400000000003e-05
 -1.22078e-05 3.1166900000000001e-05
 -1.2993099999999999e-05 2.8195699999999998e-05
 -1.35875e-05 2.5365199999999999e-05
 -1.4008100000000001e-05 2.26788e-05
 -1.4270899999999999e-05 2.0138900000000001e-05
 -1.4391300000000001e-05 1.77464e-05
 -1.4385200000000001e-05 1.5500799999999999e-05
 -1.42651e-05 1.3401799999999999e-05
 -1.40465e-05 1.1446399999999999e-05
 -1.3740800000000001e-05 9.6326199999999996e-06
 -1.33604e-05 7.9568899999999993e-06
 -1.2918000000000001e-05 6.4144500000000001e-06
 -1.24226e-05 5.0016800000000002e-06
 -1.1884300000000001e-05 3.7135800000000002e-06
 -1.13116e-05 2.5452600000000002e-06
 -1.07142e-05 1.4904899999999999e-06
 -1.00985e-05 5.4447300000000003e-07
 -9.4711499999999999e-06 -2.9845999999999999e-07
 -8.8403400000000001e-06 -1.0452200000000001e-06
 -8.2092299999999997e-06 -1.70023e-06
 -7.58312e-06 -2.2694900000000002e-06
 -6.9682499999999997e-06 -2.7597999999999998e-06
 -6.3654899999999996e-06 -3.1751299999999999e-06
 -5.7800999999999999e-06 -3.5221199999999998e-06
 -5.2133499999999998e-06 -3.80529e-06
 -4.6693999999999997e-06 -4.0308999999999998e-06
 -4.1482499999999996e-06 -4.2029e-06
 -3.6523000000000002e-06 -4.3266199999999999e-06
 -3.1826100000000001e-06 -4.4066399999999997e-06
 -2.7398500000000001e-06 -4.44728e-06
 -2.3238999999999999e-06 -4.4523599999999997e-06
 -1.9361500000000001e-06 -4.4264999999999999e-06
 -1.5752899999999999e-06 -4.3726500000000004e-06
 -1.24205e-06 -4.2948799999999996e-06
 -9.3525600000000002e-07 -4.19601e-06
 -6.5524499999999996e-07 -4.07959e-06
