# Created by Octave 8.4.0, Wed May 08 10:56:53 2024 GMT <unknown@PeterLaptop>
# name: D_1_50
# type: matrix
# rows: 5
# columns: 4
 0.30052038200428266 0.40500000000000003 0 0.35999999999999999
 0.30052038200428266 -0.40500000000000003 0 0.35999999999999999
 0.33234018715767727 0.41499999999999998 0 -0.33000000000000002
 0.33234018715767727 -0.41499999999999998 0 -0.33000000000000002
 0.1414213562373095 0 0 0.16


# name: D_2_50
# type: matrix
# rows: 5
# columns: 9
 0.28637824638055176 0.31 -0 0.32000000000000001 0.14433756729740646 0 0 0 0.09814954576223639
 0.28637824638055176 -0.31 -0 0.32000000000000001 -0.14433756729740646 0 0 -0 0.09814954576223639
 0.44901280605345767 0.28000000000000003 -0 -0.33500000000000002 0.092376043070340128 -0 -0 0 -0.092376043070340128
 0.44901280605345767 -0.28000000000000003 -0 -0.33500000000000002 -0.092376043070340128 -0 -0 0 -0.092376043070340128
 0.060104076400856542 0 0 0.040000000000000001 0 0 0 0 0.051961524227066319


# name: D_3_50
# type: matrix
# rows: 5
# columns: 16
 0.21920310216782971 0.28499999999999998 0 0.31 0.21361959960016155 0 0 0 0.005773502691896258 0.075894663844041102 0 0 0 0 0 -0.031622776601683791
 0.21920310216782971 -0.28499999999999998 0 0.31 -0.21361959960016155 0 0 0 0.005773502691896258 -0.075894663844041102 0 0 0 0 0 -0.031622776601683791
 0.417193000900063 0.38500000000000001 0 -0.33500000000000002 0.023094010767585032 0 0 0 -0.028867513459481291 -0.082219219164377855 0 0 0 0 0 0.031622776601683791
 0.417193000900063 -0.38500000000000001 0 -0.33500000000000002 -0.023094010767585032 0 0 0 -0.028867513459481291 0.082219219164377855 0 0 0 0 0 0.031622776601683791
 0.095459415460183911 0 0 0.26500000000000001 0 0 0 0 0.2482606157515391 0 0 0 0 0 0 0.13281566172707193


