# Created by Octave 8.4.0, Wed May 08 17:20:09 2024 GMT <unknown@PeterLaptop>
# name: D_1_70
# type: matrix
# rows: 8
# columns: 4
 0.30308181575488646 0.28787490443249214 0 0.34272772121390443
 0.30308181575488646 -0.28787490443249214 0 0.34272772121390443
 0.30009778241942736 0.37430033313047179 0 -0.052342274523388702
 0.30009778241942736 -0.37430033313047179 0 -0.052342274523388702
 0.25945829376797824 0.15979898864340947 0 -0.35198623716283389
 0.25945829376797824 -0.15979898864340947 0 -0.35198623716283389
 0.06626228564058137 0 0 0.095210812676599921
 0.5 0 0 0


# name: D_2_70
# type: matrix
# rows: 8
# columns: 9
 0.26896393630070314 0.2709745668854639 0 0.33307200497530487 0.22433488075008498 0 0 0 0.078679822045804593
 0.26896393630070314 -0.2709745668854639 0 0.33307200497530487 -0.22433488075008498 -0 0 0 0.078679822045804593
 0.22948297665554251 0.41008280179471662 0 -0.054360126227611147 -0.10476597132557182 0 0 0 -0.2450067176493739
 0.22948297665554251 -0.41008280179471662 0 -0.054360126227611147 0.10476597132557182 -0 0 0 -0.2450067176493739
 0.21645598391364895 0.12603526868653919 0 -0.34865953106709735 -0.19439141860648643 0 0 0 0.16002559219324736
 0.21645598391364895 -0.12603526868653919 0 -0.34865953106709735 0.19439141860648643 -0 0 0 0.16002559219324736
 0.058222192649695928 0 0 0.14679885940974668 0 0 0 0 0.12646383057249522
 0.5 0 0 0 0 0 0 0 0


# name: D_3_70
# type: matrix
# rows: 8
# columns: 16
 0.23847510284225448 0.25761751778631614 0 0.34463028654078742 0.27286527097797886 0 0 0 0.075817007084867383 0.043776344516003145 0 0 0 0 0 -0.043292764924363215
 0.23847510284225448 -0.25761751778631614 0 0.34463028654078742 -0.27286527097797886 -0 0 0 0.075817007084867383 -0.043776344516003145 -0 -0 0 0 0 -0.043292764924363215
 0.21488180395671747 0.37212604986843822 0 -0.052740545567596789 -0.090318754761869027 0 0 0 -0.30127480640031568 -0.083356938191225013 0 0 0 0 0 0.057110836888053296
 0.21488180395671747 -0.37212604986843822 0 -0.052740545567596789 0.090318754761869027 -0 0 0 -0.30127480640031568 0.083356938191225013 -0 -0 0 0 0 0.057110836888053296
 0.19790378665445343 0.13006961576227122 0 -0.34701989611491701 -0.24181954278731474 0 0 0 0.17064607963676698 0.12038634953113594 0 0 0 0 0 -0.013078288693401134
 0.19790378665445343 -0.13006961576227122 0 -0.34701989611491701 0.24181954278731474 -0 0 0 0.17064607963676698 -0.12038634953113594 -0 -0 0 0 0 -0.013078288693401134
 0.077143831377155206 0 0 0.13686146076905328 0 0 0 0 0.15274132598684534 0 0 0 0 0 0 0.17729960735428124
 0.5 0 0 0 0 0 0 0 0 0 0 0 0 0 0 0


